a:
b:692 12;756 12;820 12;834 62;898 62;962 62;1026 62;1090 62;1154 62;1218 62;1282 62;1346 62;1410 62;1474 62;1538 62;1602 62;1666 62;1730 62;1794 62;1858 62;1922 62;1986 62;2050 62;2114 62;2177 63;2242 62;2305 63;2369 63;2434 62;2498 62;2562 62;2625 63;2689 63;2754 62;2817 63;2881 63;2945 63;3009 63;3073 63;3137 63;3201 63;3265 63;3329 63;3393 63;3458 62;3521 63;3609;3614;3616 4;3621 27
c:628 12;694 10;767;831;833 2;895;897;959;961;1023;1025;1087;1089 2;1151;1153;1215;1217 2;1279;1281;1343;1345;1407;1409;1471;1473;1535;1537;1599;1601;1663;1665;1727;1729;1791;1793;1855;1857;1919;1921;1983;1985;2047;2049;2111;2113;2175;2177;2239;2241;2303;2305;2367;2369;2431;2433;2495;2497;2559;2561;2623;2625;2687;2689;2751;2753;2815;2817;2879;2881;2943;2945;3007;3009;3071;3073;3135;3137;3199;3201;3263;3265;3327;3329;3391;3393;3455;3457;3519;3521 3;3525 2;3528;3583;3585 53;3639;3641 3;3645 3;3689 23
d:628 12;692 12;756 12;820 12;833 63;897 63;961 63;1025 63;1089 63;1153 63;1217 63;1281 63;1345 63;1409 63;1473 63;1537 63;1601 63;1665 63;1729 63;1793 63;1857 63;1921 63;1985 63;2049 63;2113 63;2177 63;2241 63;2305 63;2369 63;2433 63;2497 63;2561 63;2625 63;2689 63;2753 63;2817 63;2881 63;2945 63;3009 63;3073 63;3137 63;3201 63;3265 63;3329 63;3393 63;3457 63;3521 63;3585 63;3691 21
0:layer a
1:layer a
2:layer a
3:layer a
4:layer a
5:layer a
6:layer a
7:layer a
8:layer a
9:layer a
10:layer a
11:layer a
12:layer a
13:layer a
14:layer b
15:layer c
16:layer c +[703;833;1089;1217;3521;3585 37;3624;3647;3684 28] -[694 10;833 2;1089 2;1217 2;3521 3;3525 2;3528;3585 53;3639;3641 3;3645 3;3689 23]
17:layer c +[703;833;1089;1217;3521;3585 35;3647;3683 29] -[694 10;833 2;1089 2;1217 2;3521 3;3525 2;3528;3585 53;3639;3641 3;3645 3;3689 23]
18:layer c +[703;833;1089;1217;3521;3585 35;3647;3683 29] -[694 10;833 2;1089 2;1217 2;3521 3;3525 2;3528;3585 53;3639;3641 3;3645 3;3689 23]
19:layer c +[703;833;1089;1217;3521;3585 35;3647;3683 29] -[694 10;833 2;1089 2;1217 2;3521 3;3525 2;3528;3585 53;3639;3641 3;3645 3;3689 23]
20:layer c +[703;833;1089;1217;3521;3585 35;3647;3683 29] -[694 10;833 2;1089 2;1217 2;3521 3;3525 2;3528;3585 53;3639;3641 3;3645 3;3689 23]
21:layer c +[703;833;1089;1217;3521;3585 35;3647;3683 29] -[694 10;833 2;1089 2;1217 2;3521 3;3525 2;3528;3585 53;3639;3641 3;3645 3;3689 23]
22:layer c +[703;833;1089;1217;3521;3585 35;3647;3683 29] -[694 10;833 2;1089 2;1217 2;3521 3;3525 2;3528;3585 53;3639;3641 3;3645 3;3689 23]
23:layer c +[703;833;1089;1217;3521;3585 35;3647;3683 29] -[694 10;833 2;1089 2;1217 2;3521 3;3525 2;3528;3585 53;3639;3641 3;3645 3;3689 23]
24:layer c +[703;833;1089;1217;3521;3585 35;3647;3683 29] -[694 10;833 2;1089 2;1217 2;3521 3;3525 2;3528;3585 53;3639;3641 3;3645 3;3689 23]
25:layer c +[703;833;1089;1217;3521;3585 35;3647;3683 29] -[694 10;833 2;1089 2;1217 2;3521 3;3525 2;3528;3585 53;3639;3641 3;3645 3;3689 23]
26:layer c +[703;833;1089;1217;3521;3585 35;3647;3683 29] -[694 10;833 2;1089 2;1217 2;3521 3;3525 2;3528;3585 53;3639;3641 3;3645 3;3689 23]
27:layer c +[703;833;1089;1217;3521;3585 35;3647;3683 29] -[694 10;833 2;1089 2;1217 2;3521 3;3525 2;3528;3585 53;3639;3641 3;3645 3;3689 23]
28:layer c +[703;833;1089;1217;3521;3585 35;3647;3683 29] -[694 10;833 2;1089 2;1217 2;3521 3;3525 2;3528;3585 53;3639;3641 3;3645 3;3689 23]
29:layer c +[703;833;1089;1217;3521;3585 35;3647;3683 29] -[694 10;833 2;1089 2;1217 2;3521 3;3525 2;3528;3585 53;3639;3641 3;3645 3;3689 23]
30:layer c +[703;833;1089;1217;3521;3585 35;3647;3683 29] -[694 10;833 2;1089 2;1217 2;3521 3;3525 2;3528;3585 53;3639;3641 3;3645 3;3689 23]
31:layer c +[703;833;1089;1217;3521;3585 35;3647;3683 29] -[694 10;833 2;1089 2;1217 2;3521 3;3525 2;3528;3585 53;3639;3641 3;3645 3;3689 23]
32:layer c +[703;833;1089;1217;3521;3585 35;3647;3683 29] -[694 10;833 2;1089 2;1217 2;3521 3;3525 2;3528;3585 53;3639;3641 3;3645 3;3689 23]
33:layer c +[703;833;1089;1217;3521;3585 35;3647;3683 29] -[694 10;833 2;1089 2;1217 2;3521 3;3525 2;3528;3585 53;3639;3641 3;3645 3;3689 23]
34:layer c +[703;833;1089;1217;3521;3585 35;3647;3683 29] -[694 10;833 2;1089 2;1217 2;3521 3;3525 2;3528;3585 53;3639;3641 3;3645 3;3689 23]
35:layer c +[703;833;1089;1217;3521;3585 35;3647;3683 29] -[694 10;833 2;1089 2;1217 2;3521 3;3525 2;3528;3585 53;3639;3641 3;3645 3;3689 23]
36:layer c +[703;833;1089;1217;3521;3585 35;3647;3683 29] -[694 10;833 2;1089 2;1217 2;3521 3;3525 2;3528;3585 53;3639;3641 3;3645 3;3689 23]
37:layer c +[703;833;1089;1217;3521;3585 35;3647;3683 29] -[694 10;833 2;1089 2;1217 2;3521 3;3525 2;3528;3585 53;3639;3641 3;3645 3;3689 23]
38:layer c +[703;833;1089;1217;3521;3585 35;3647;3683 29] -[694 10;833 2;1089 2;1217 2;3521 3;3525 2;3528;3585 53;3639;3641 3;3645 3;3689 23]
39:layer c +[703;833;1089;1217;3521;3585 35;3647;3683 29] -[694 10;833 2;1089 2;1217 2;3521 3;3525 2;3528;3585 53;3639;3641 3;3645 3;3689 23]
40:layer c +[703;833;1089;1217;3521;3585 35;3647;3683 29] -[694 10;833 2;1089 2;1217 2;3521 3;3525 2;3528;3585 53;3639;3641 3;3645 3;3689 23]
41:layer c +[703;833;1089;1217;3521;3585 35;3647;3683 29] -[694 10;833 2;1089 2;1217 2;3521 3;3525 2;3528;3585 53;3639;3641 3;3645 3;3689 23]
42:layer c +[703;833;1089;1217;3521;3585 35;3647;3683 29] -[694 10;833 2;1089 2;1217 2;3521 3;3525 2;3528;3585 53;3639;3641 3;3645 3;3689 23]
43:layer c +[703;833;1089;1217;3521;3585 35;3647;3683 29] -[694 10;833 2;1089 2;1217 2;3521 3;3525 2;3528;3585 53;3639;3641 3;3645 3;3689 23]
44:layer c +[703;833;1089;1217;3521;3585 35;3647;3683 29] -[694 10;833 2;1089 2;1217 2;3521 3;3525 2;3528;3585 53;3639;3641 3;3645 3;3689 23]
45:layer c +[703;833;1089;1217;3521;3585 35;3647;3683 29] -[694 10;833 2;1089 2;1217 2;3521 3;3525 2;3528;3585 53;3639;3641 3;3645 3;3689 23]
46:layer c +[703;833;1089;1217;3521;3585 35;3647;3683 29] -[694 10;833 2;1089 2;1217 2;3521 3;3525 2;3528;3585 53;3639;3641 3;3645 3;3689 23]
47:layer c +[703;833;1089;1217;3521;3585 35;3647;3683 29] -[694 10;833 2;1089 2;1217 2;3521 3;3525 2;3528;3585 53;3639;3641 3;3645 3;3689 23]
48:layer c +[703;833;1089;1217;3521;3585 35;3647;3683 29] -[694 10;833 2;1089 2;1217 2;3521 3;3525 2;3528;3585 53;3639;3641 3;3645 3;3689 23]
49:layer c +[703;833;1089;1217;3521;3585 42;3647;3685 27] -[694 10;833 2;1089 2;1217 2;3521 3;3525 2;3528;3585 53;3639;3641 3;3645 3;3689 23]
50:layer d
51:layer a
52:layer a
53:layer a
54:layer a
55:layer a
56:layer a
57:layer a
58:layer a
59:layer a
60:layer a
61:layer a
62:layer a
63:layer a