a:
b:578 21;642 51;706 51;770 51;834 51;1340;1403 3;1466 3;1528 6;1590 7;1654 7;1715 11;1778 12;1840 13;1903 15;1966 16;2028 17;2091 19;2153 20;2216 22;2278 23;2309;2314 3;2321 3;2325;2327;2329;2331;2341 25;2373 23;2404 25;2437 22;2467 27;2501 21;2531 27;2565 19;2595 27;2629 18;2659 26;2693 16;2723 26;2757 15;2787 26;2821 14;2851 26;2885 12;2915 26;2949 10;2979 26;3013 9;3043 27;3077 8;3107 27;3141 6;3171 26;3205 4;3235 27;3269 3;3299 26;3333;3363 26;3427 27;3496;3500 3;3504 2;3507 2;3511;3515
c:514 4;577 52;641;643 39;683 4;688 5;705;707 60;769;771 60;833;852;855 2;861;863 5;870;872;964 60;1028 60;1092 60;1155 61;1220 60;1283 61;1348 56;1405 3;1411 56;1469 3;1475 55;1533 3;1539 52;1597 3;1603 52;1661 3;1667 50;1725 3;1731 48;1789 3;1795 47;1853 3;1859 46;1917 3;1923 44;1981 3;1987 43;2045 3;2051 41;2109 3;2115 39;2173 3;2179 39;2237 3;2243 37;2301 3;2307 35;2365 3;2371 2;2395 10;2429 3;2435 2;2458 10;2493 3;2499 2;2520 12;2557 3;2563 3;2583 13;2621 3;2627 3;2646 14;2685 3;2691 3;2708 16;2749 3;2755 2;2770 18;2813 3;2819 3;2834 18;2877 3;2883 2;2895 21;2941 3;2947 3;2958 22;3005 3;3011 2;3021 23;3069 3;3075 2;3083 25;3133 3;3139 2;3145 27;3197 3;3203 2;3208 28;3261 3;3267 2;3270 30;3325 3;3330 3;3334 30;3389 3;3395 33;3453 3;3459 61;3524 59;3632;3634 12
d:514 7;577 52;641 4;658 2;661 43;705 2;748;750;752 4;757 7;765 3;769 4;810;813;820;829 3;833;835 61;899 59;963 3;968 2;976 3;981;983;985 3;989 35;1027;1087;1091;1151;1155;1215;1219;1279;1283;1343;1347;1407;1411;1471;1474 2;1535;1539;1599;1603;1663;1667;1727;1731;1791;1795;1855;1859;1919;1923;1983;1987;2047;2051;2111;2115;2175;2179;2239;2243;2303;2307;2367;2370 2;2431;2435;2495;2498 2;2559;2563;2623;2626 2;2687;2691;2751;2755;2815;2819;2879;2882 2;2943;2946 2;3007;3010 2;3071;3074;3135;3138;3199;3202;3263;3266;3327;3330;3391;3394;3455;3458 2;3519;3522 45;3583;3591 5;3597;3600 10;3611 7;3619 29
e:514 16;577 62;641 2;646 39;686;688;690 7;698 6;705 2;710 36;767;769 2;774 36;831;833 42;877;895;899 4;905 55;962 2;1023;1026 2;1087;1090;1151;1154;1215;1218;1279;1282;1343;1346;1407;1410;1471;1474;1535;1538;1599;1602;1663;1666;1727;1730 2;1791;1794 2;1855;1858;1919;1922;1983;1986;2047;2050;2111;2114;2175;2178;2239;2242;2303;2306;2367;2370;2431;2434;2495;2498;2559;2562;2623;2626;2687;2690;2751;2754;2815;2818;2879;2882;2943;2946;3007;3010;3071;3074;3135;3138;3199;3202;3263;3266;3327;3330;3391;3394;3455;3458;3519;3522 3;3583;3587 61;3709 2
f:514 7;577;579 50;641 63;705 3;726 42;769 33;803 29;833 63;900 47;948 3;952 2;963 61;1027 2;1086 2;1091 2;1151;1155 2;1215;1219 2;1279;1283 2;1343;1347 2;1407;1411 2;1471;1475 2;1535;1539 2;1599;1603 2;1663;1667 2;1727;1731;1791;1795;1855;1859 2;1919;1923;1983;1987;2047;2051 2;2111;2115 2;2175;2179 2;2239;2243 2;2303;2307 2;2367;2371 2;2431;2435 2;2495;2499 2;2559;2563 2;2623;2627 2;2687;2691 2;2751;2755 2;2815;2819 2;2879;2883 2;2943;2947 2;3007;3011 2;3071;3075 2;3135;3139 2;3199;3203 2;3263;3267 2;3327;3331 2;3391;3395 2;3455;3458 6;3466;3468 5;3476;3519;3523 43;3567 3;3571 2;3575 2;3581 3;3627 21
g:577 52;641 52;705 52;769 52;833 52;966 27;994;996 17;1015 6;1028 59;1092 60;1156 60;1220 60;1284 59;1348 60;1412 59;1476 60;1540 60;1604 60;1668 60;1732 60;1796 59;1860 60;1924 60;1988 59;2052 59;2116 60;2180 60;2244 59;2308 59;2372 59;2436 59;2500 60;2564 60;2628 59;2692 59;2756 59;2820 59;2884 59;2948 59;3012 59;3076 59;3140 59;3204 59;3268 59;3332 59;3396 59;3460 59;3546 4;3551;3553;3555;3559 24;3629
0:layer a
1:layer a
2:layer a
3:layer a
4:layer a
5:layer a
6:layer a
7:layer a
8:layer a
9:layer a
10:layer a
11:layer a
12:layer a
13:layer a
14:layer b
15:layer c
16:layer d
17:layer e
18:layer e +[514 15;645 2;681 2;702 2;709 2;745 2;773 2;809 2;899 3;936 24;963;1026;1730;1794;3522 2;3587 58;3646 2;3708 3] -[514 16;646 39;686;688;690 7;698 6;710 36;774 36;877;899 4;905 55;962 2;1026 2;1730 2;1794 2;3522 3;3587 61;3709 2]
19:layer e +[422 2;486 2;514 5;550 2;644 2;682;702 2;708 2;746;772 2;810;894 2;899 2;937 22;963;1026;1730;1794;3522 2;3587 58;3646 2;3708 3] -[514 16;646 39;686;688;690 7;698 6;710 36;774 36;877;895;899 4;905 55;962 2;1026 2;1730 2;1794 2;3522 3;3587 61;3709 2]
20:layer e +[421 3;485 3;514 4;549;551;644;682;702 2;708;746;772;810;894 2;899 2;938 22;963;1026;1730;1794;3522 2;3587 57;3646 2;3707 4] -[514 16;646 39;686;688;690 7;698 6;710 36;774 36;877;895;899 4;905 55;962 2;1026 2;1730 2;1794 2;3522 3;3587 61;3709 2]
21:layer e +[421 3;485;487;514 4;549 3;644;682;702 2;708;746;772;810;899 2;938 22;963;1026;1730;1794;3522 2;3587 57;3646 2;3707 4] -[514 16;646 39;686;688;690 7;698 6;710 36;774 36;877;899 4;905 55;962 2;1026 2;1730 2;1794 2;3522 3;3587 61;3709 2]
22:layer e +[421 3;485;487;514 4;550 2;644;682;702 2;708;746;772;810;894 2;899 2;938 21;1026;1730;1794;3522 2;3587 56;3646 2;3707 4] -[514 16;646 39;686;688;690 7;698 6;710 36;774 36;877;895;899 4;905 55;1026 2;1730 2;1794 2;3522 3;3587 61;3709 2]
23:layer e +[421 3;485 3;514 4;550 2;644;682;702 2;708;746;772;810;894 2;899 2;938 21;963;1026;1730;1794;3522 2;3587 56;3646 2;3706 5] -[514 16;646 39;686;688;690 7;698 6;710 36;774 36;877;895;899 4;905 55;962 2;1026 2;1730 2;1794 2;3522 3;3587 61;3709 2]
24:layer e +[421 3;485;487;514 4;550 2;644;682;702 2;708;746;772;810;899 2;938 22;963;1026;1730;1794;3522 2;3587 56;3646 2;3707 4] -[514 16;646 39;686;688;690 7;698 6;710 36;774 36;877;899 4;905 55;962 2;1026 2;1730 2;1794 2;3522 3;3587 61;3709 2]
25:layer e +[421 3;485;487;514 4;550 2;644;682;702 2;708;746;772;810;894 2;900;938 21;963;1026;1730;1794;3522 2;3587 56;3646 2;3706 5] -[514 16;646 39;686;688;690 7;698 6;710 36;774 36;877;895;899 4;905 55;962 2;1026 2;1730 2;1794 2;3522 3;3587 61;3709 2]
26:layer e +[421 3;485 3;514 4;550 2;644;682;702 2;708;746;772;810;894 2;899 2;938 21;963;1026;1730;1794;3522 2;3587 56;3646 2;3706 5] -[514 16;646 39;686;688;690 7;698 6;710 36;774 36;877;895;899 4;905 55;962 2;1026 2;1730 2;1794 2;3522 3;3587 61;3709 2]
27:layer e +[422 2;485;487;514 4;550 2;644;682;702 2;708;746;772;810;894 2;899 2;938 22;963;1026;1730;1794;3522 2;3587 56;3646 2;3706 5] -[514 16;646 39;686;688;690 7;698 6;710 36;774 36;877;895;899 4;905 55;962 2;1026 2;1730 2;1794 2;3522 3;3587 61;3709 2]
28:layer e +[421 3;485;487;514 4;550 2;644;682;702 2;708;746;772;810;899 2;938 21;1026;1730;1794;3522 2;3588 55;3646 2;3706 5] -[514 16;646 39;686;688;690 7;698 6;710 36;774 36;877;899 4;905 55;1026 2;1730 2;1794 2;3522 3;3587 61;3709 2]
29:layer e +[421 3;485;487;514 4;550 2;644;682;702 2;708;746;772;810;894 2;899 2;938 22;963;1026;1730;1794;3522 2;3587 56;3646 2;3706 5] -[514 16;646 39;686;688;690 7;698 6;710 36;774 36;877;895;899 4;905 55;962 2;1026 2;1730 2;1794 2;3522 3;3587 61;3709 2]
30:layer e +[421 3;485;487;514 4;550 2;644;682;702 2;708;746;772;810;894 2;899 2;938 22;963;1026;1730;1794;3522 2;3587 56;3646 2;3706 5] -[514 16;646 39;686;688;690 7;698 6;710 36;774 36;877;895;899 4;905 55;962 2;1026 2;1730 2;1794 2;3522 3;3587 61;3709 2]
31:layer e +[421 3;485;487;514 4;550 2;644;682;702 2;708;746;772;810;894 2;899 2;938 21;963;1026;1730;1794;3522 2;3587 56;3646 2;3706 5] -[514 16;646 39;686;688;690 7;698 6;710 36;774 36;877;895;899 4;905 55;962 2;1026 2;1730 2;1794 2;3522 3;3587 61;3709 2]
32:layer e +[421 3;485;487;514 4;550 2;644;682;702 2;708;746;772;810;899 2;938 22;963;1026;1730;1794;3522 2;3587 57;3647;3707 4] -[514 16;646 39;686;688;690 7;698 6;710 36;774 36;877;899 4;905 55;962 2;1026 2;1730 2;1794 2;3522 3;3587 61;3709 2]
33:layer e +[421 3;485;487;514 4;550 2;644;682;702 2;708;746;772;810;894 2;899 2;938 22;1026;1730;1794;3522 2] -[514 16;646 39;686;688;690 7;698 6;710 36;774 36;877;895;899 4;905 55;1026 2;1730 2;1794 2;3522 3]
34:layer e +[421 3;485;487;514 4;550 2;644;682;702 2;708;746;772;810;894 2;899 2;938 21;963;1026;1730;1794;3522 2] -[514 16;646 39;686;688;690 7;698 6;710 36;774 36;877;895;899 4;905 55;962 2;1026 2;1730 2;1794 2;3522 3]
35:layer e +[421 3;485;487;514 4;550 2;644;682;702 2;708;746;772;810;899 2;938 22;963;1026;1730;1794;3522 2] -[514 16;646 39;686;688;690 7;698 6;710 36;774 36;877;899 4;905 55;962 2;1026 2;1730 2;1794 2;3522 3]
36:layer e +[421 3;485;487;514 4;550 2;644;682;702 2;708;746;772;810;899 2;938 22;963;1026;1730;1794;3522 2;3710] -[514 16;646 39;686;688;690 7;698 6;710 36;774 36;877;899 4;905 55;962 2;1026 2;1730 2;1794 2;3522 3;3709 2]
37:layer e +[421 3;485;487;514 4;550 2;644;682;702 2;708;746;772;810;894 2;899 2;938 22;963;1026;1730;1794;3522 2] -[514 16;646 39;686;688;690 7;698 6;710 36;774